15205544670
17758003541
16234513182
16025362274
19285198118
19283235096
19044421905
18135680751
18638324099
13525389302
13862237142
13524262835
13523186955
16622754580
17069916147
17404021633
13128081695
17734994763
16026281393
12512529856
18129338145
12603103408
18125158320
15023893239
17656615412
18126863606
13177373426
12607297578
15743369757
18125534698
17652789360
17654300436
17658912169
16232846949
16025750394
15742019269
12602422076
12603125232
15747034110
13173959819
18126218602
13177422441
15743369347
17655410464
15178942369
18125250518
15743094256
17654145265
13175050036
12605782076
14632762683
18126571007
16203447551
13033590478
19132832404
17855764154
16204409722
17855309081
13162591251
18167140059
17859147734
13167949528
13163657001
17852210656
16206072725
17853834089
19136668326
13168832890
14322578391
17854960754
16207943182
13168712977
13479748371
13167946510
13183079680
13372126707
13372819136
19859565509
18623912263
19852019856
13167300389
15045107810
15044571874
13375656723
13183147396
13184991764
13372772663
13136584975
12319423914
15108723036
13137420521
12316838596
12316838596
16163437356
18108751007
14807149184
15205088234
16164384678
13136873512
14808730117
15208692162
16232120336
16027683051
19182842408
19289462718
16232160692
15862909279
13137074686
12692073006
13137524272
16026685653
16163688352
12692081248
13133030551
12694199565
16267075394
15202690058
18102212968
12693520801
16233499815
13134546768
16626643102
16016064471
16016975897
16017473653
19012586284
12283801163
16013107272
12289348084
16624529204
12283828638
17692362726
16623135335
16625412599
18165179569
15737529015
16625540667
17693761478
16623019977
16013827746
17692768284
16017230438
16625871857
16012276562
16625874802
19015708426
16016703136
16626034162
16623217348
17692044576
14805760326
16622135261
16013033112
16623709818
15043428199
19102588792
19803392959
19107108021
16785981921
17042946385
19102613534
13366026249
17046062640
19197504367
19804489067
19104002636
19105993515
19105427078
19287931782
12523103334
19108704893
19842270808
19802818032
19804045115
17045585117
18282162088
19804467290
19199887152
13474694287
17042948417
18285608515
13367817744
12526409297
12526543010
17042316021
17046908224
18282442970
19196098215
18283036658
12523262225
12525298042
16463991701
19195326547
13369718418
18287950093
17046054131
16027488344
19802306528
12162058900
17408304645
17404638411
16144024942
18149169035
19374141926
15679701317
19377721237
18643131182
18647902014
18643805193
18034022613
18644995115
18038451662
18433643410
18439394126
17542453738
18038334259
18644668529
18037613271
18437567965
18034579834
18439292712
17869646231
18645057700
18032361990
14233973195
16159912974
17315351152
12109938068
17373262897
19159909477
12108689140
18066401778
17372877961
19016186791
14236811148
14693377049
19182192404
19459001423
12812260686
19039070279
17132584578
16822717696
17134989537
13108173185
13252360157
14804692419
15208095797
17066919927
14803235419
15202733605
15205613417
16025291154
18503034488
17272753486
13526672840
13522779012
13522109915
12396033517
17726721029
17703740437
14784553300
13122214764
12175613714
13313086555
12242279260
16182511753
12192907669
17655405061
18124865957
19135686666
19132082261
16207944163
17855967535
19136808172
17853188885
16202880778
18108195486
13134242219
19892872370
13133301963
16015176313
16019425433
19014566082
16018827411
16006013101
18164698824
14178944784
15736463784
15736472304
13147230907
18164845375
15597651645
14173559143
16605373666
13144746550
14173425979
16609985089
16014942556
12283431683
12283658313
12282739339
16626460914
16622601794
16016693503
12285633725
12525718936
17044605439
18435913878
12522867036
19802341907
17049657303
12527623626
17047627968
17042227988
13365874704
19377601972
14196553122
15732612524
14192957845
14192768521
16142840454
19377177122
15672603186
13802399633
16149538159
18036091676
18643158214
18036466006
18035962263
18542273910
18034462549
18646010218
18434674757
18039328056
17314871395
18654542309
17314122416
19035987144
19037363574
19562812771
19795747819
18304759730
17122988360
19563590046
19364354482
14697019505
12142291313
18304801967
18064746373
15129154325
14692633367
19312141259
12708441204
12702133916
18067022530
17134384320
19392044474
14092378305
18329422728
16203597993
19402327873
17346800382
19182253067
14179208985
17042730976
19375650589
19377279598
19104073929
12524893982
18432221277
17064160825
12298131124
18144401778
12347893420
13303176308
14703020665
19379358011
19372841063
15133937308
15165051733
17068188032
17577995474
13523178629
13523285779
14073010500
13158795021
13522047943
18035775628
18032064939
18436109464
18645698196
19104482835
16822104782
18305340317
14234641409
16026281393
12102604723
13347583162
19376291596
19044776991
17272760869
13862652731
13213563149
17702919939
17622628788
19799979531
14042637580
12295298185
19132902563
16627853838
18168728707
19313463049
14173157602
14172942119
14173938009
16363332749
12176538400
15732204677
13142396138
18164391491
16606212683
14178559400
15735513219
18644214679
18642169316
18646300501
18643255966
18643180042
18643479790
18037576685
18542122044
18644910562
19034217565
12817700876
19152519504
13619443182
14693481748
18066204984
18327056899
12285969287
18305805703
19032651021
16148045931
13304810869
17405059313
17409739231
12167038342
19375033317
15672248654
14239042932
17855814427
16203143684
13165507590
16204300026
13165421608
13165599397
13465244141
14329242104
14322760291
18136406606
18638326964
18635002987
16785585566
14706851653
17064056847
15713651016
16602249508
12542038537
16605910187
14172091153
15619322411
15089042294
19042630771
18505530527
12169560305
18134813723
13524577498
18067020798
13862132991
19046375030
19419998292
18508147883
19417160849
18134476809
13528379642
18139174452
19042586576
13526990736
17275000320
17065667495
14707901333
14702301037
14046673720
14234700367
14048312387
16787770935
112817536487
14043741437
18178236094
15127888551
16562170780
18508552995
12396726199
1789159080
12039236634
18326567083
19792484095
15128453616
14099208778
18329188447
15128004371
13463500366
19032678308
19376178514
12162246747
12162255889
13308022399
13309349008
17409702115
12162372650
18067266663
18302024230
12107729716
14095250326
17133072605
12543741727
19727488020
18177208195
14302157895
13618330325
19039228450
13074418814
18322598075
17138187221
12817170420
14709846582
14196792336
12544057234
18133378229
16783878120
13612134940
13618341257
13522863999
15136108091
12108767033
14093006540
13613182123
14234302514
12059539155
19367072676
19287696284
12057308195
17402017847
16788512832
16164901130
13056451076
18164339785
18325217573
14709418635
18323150682
15615665816
17378952095
19033534401
13233134152
19367076443
18328699868
19562442099
12569622136
14304136972
19185705806
16166176995
14096655121
13026055725
16162505475
13184999354
16602331639
16362529107
13378494368
18644856134
12057941304
16153751082
17402382870
18642377024
16789752282
15122274228
14069411523
16126669740
15732412190
14694285201
17863829667
19035032796
13257212394
19285951142
14176129883
18326878658
12523757451
17343637058
19152003617
18652831091
12314544675
13144054768
193632742941
12515138510
13369024982
12286003800
19723913738
14079546994
13619202539
13308348780
19123429575
18643131795
12695125563
17855032541
16623171874
18179846615
18284900871
15122995761
13134656279
14049142216
18653881498
18134080592
13855578846
1786704514
19192008392
17065581903
14302939752
16627608050
18644106738
18037614897
16157288700
17246148821
12603014555
16622636602
14784123862
19044719191
18642667002
14173426745
17622260852
13602370115
18328990278
12057204968
12569441025
19048970351
19378676564
15735162095
13342162448
16625162263
13026695691
19415867578
18163066517
19109785933
12513663773
15127707027
19796165310
14048838790
18165913959
15616776984
14234483559
15042661683
17043516697
12106120630
16788990755
17377085123
18035776113
19403724825
16628368591
16146156575
18137032001
19313104382
13527095830
18638403776
16626092101
16626606652
18646261009
17372727513
12524971954
13259397547
18322768068
17868847453
19032880713
19319034286
16027360143
18634095699
15208257
18168457190
14172336797
16893054937
13524708250
15612946446
13254824665
16016506367
19123232386
17405627083
14095090132
14236507681
14236081807
12053319538
18033736693
13149301097
18032151045
14092732187
17134440309
12059901325
15869447035
16299998840
14176917174
15123188249
13527370011
17067941138
15056585323
19416764255
16827192118
17023281739
14807091925
15202081134
16014294650
18038508466
14802628683
17319910114
14708856939
13055185963
19319982421
18642514714
1163044678
17698240715
15207107197
13615956858
12547336065
17432360816
13252830236
19312799726
18067529854
14047988051
19412757655
19363980820
16023301261
12105968453
15202257471
12104130743
19032162502
17692816045
17276315134
16788572361
14086796794
14235092680
19032097346
16162702880
14177689926
14077024749
13522359430
18068934290
13344010796
18133233684
14233731313
18037385103
17069365050
12055040508
12055040508
19374034122
16013358865
16013358865
15132537223
18018607538
18654165609
19414136178
16626886122
12526763437
13524408688
13307668497
18134076640
19049992192
19374782343
16015492154
15867654232
12544031252
16202532701
17855963661
17068123508
19565023134
18285531003
19454655077
19379690499
19403413089
18039830393
17708424234
18504582719
12055345042
18634346992
18035990846
16786638819
15203317606
19363917364
18033168965
15204609348
12817031777
18436249394
13462988737
14172915476
12107199160
18507686270
16362285483
12514190734
12514206082
12516442666
14784426161
12133031127
19562713756
12058442084
13138282823
19125396337
15127747018
16592578231
12052990072
12767014195
18434419424
17137913214
19133263676
16784998603
18652752909
19316397592
17063332960
14236774527
18132705916
14323061545
12057542896
17046265567
16029212073
19362343487
16023414227
19039003304
14709773778
17852781943
16234512185
18173491076
17725194053
14176297213
17063333172
19106274946
18037573553
15205431468
18138156061
12292647001
14324235176
12342379100
18328452916
18304066946
13252456711
13308128046
13252424825
12202079090
18302597960
18108670958
13348289561
18032038739
12143092160
14807688011
19122764386
13134669311
12562887433
17066159104
14174213225
17432240999
16784499268
14195694042
13346485360
13616520227
16013347049
16236241399
18167152217
13252457372
12542209272
18652876338
18636232713
13137427199
19404471972
13344357741
13053056525
12485135185
13213127666
19413873248
14693454882
13250640106
18282050990
12059467015
12055697009
13054624233
18646695809
17266009523
18302199798
18328453178
18287299570
13167964023
16017231376
16624914131
13615046047
16026636782
16153989959
17134050467
18649818675
12525293655
19313496826
16024731199
16014190176
18507370134
16624912460
19109920471
17272202979
13867485227
19044413980
15737304242
18303599606
15166697972
12053548766
13463069075
12567066170
18164219026
17068976360
13369081152
14803358640
13364865027
13362699129
16232339223
16626641034
19017478107
16143167353
16016102077
15615272817
16025740136
12562732112
19376969368
18034864187
14234083792
13367038842
15809564973
15737953299
14232934219
15139155783
17853836793
1520461385
16206877446
12526178087
19563394844
16202907003
17274576575
15175132754
19012280216
17403601817
18506951558
18503072311
18634841845
13524266504
13866973976
15614946904
18135565415
19043045744
17867596986
18503766076
12819172602
13614332787
18302031086
12107395471
19362440437
18163025536
18327395022
13465986491
18064941813
15154487123
12815126043
18173536926
12819017349
12108914313
13253203144
19363307410
13254367404
13853939938
18016031729
19804204413
17049747421
13365581260
19106945661
15134856389
14404945380
16892872621
13133191259
16167245056
17347090963
13137427279
18105251510
17346444798
16624366197
15736205988
13147523420
18162446982
14175088931
14174144241
14172278647
18435033563
18433562791
18644266429
14237288596
19313144842
18654157785
14807658373
16026420361
16029465392
15203955757
16626792883
16627011978
16625825699
18168384972
16622078055
12283465696
17409703095
16626075173
12163070715
18177070072
16364843381
18392232687
15126797453
16624165527
12104880083
18506218173
13527631608
19045265610
18133852104
18636627498
16892019343
17722247573
13867770506
18137014574
19562463594
17403980960
19376333638
12162058969
18305524545
13802426556
17408122107
14099045115
14695591194
19364382784
19037140221
19375152590
17864402723
17867046166
18644199411
17863281749
13308022399
17869646231
19405678658
19405678658
16204300026
18282442970
1467518594
12314544675
13367038842
16202907003
17862383898
19546095553
13055899266
14074631172
19565588627
19793931959
18503711858
19122233685
17402086446
14243501575
14234910397
13175188669
14699709331
19012816516
13462566423
14234856969
19377944051
15802369336
13465121546
15045100582
18328177228
17405663467
16155886592
18508614517
16162128699
12819891182
18177701291
16787895289
19014678885
18328297361
12523140775
14099262521
18172043715
19045159471
17405072304
14237187452
14059789625
13855157742
19016167001
16469730289
13304817532
13529335457
12148546215
17405840943
14097979851
13346218317
17542650804
15618149651
19106993603
12139483236
12162058969
14694591076
13375612653
18034159248
19063189115
17278312667
13366139646
19797090689
16145716211
19285948625
15172703174
13377398742
16627398748
18067247424
19036581434
19132029932
16164270209
17693088291
15673259368
18103369846
16183276492
12202280954
16205909150
16163768376
12058990322
19139442069
13374581380
13522250035
12523087182
16155620747
18108195885
13525045605
19362349536
18133234013
18506286207
12059205074
14402045917
18136724969
13055109880
14072724487
15208412251
19548212454
14074042455
19045013644
16233635577
18432747565
19548265956
16155699143